function [S,MM,BD,QQ,H,x,h] = SBP_I12(m,L)
%%%%%%%%%%%%%%%%%%%%%%%%%%%%%%%%%%%%%%%%%%%%%%%
%%% 12:e ordn. Pade .  SBP Finita differens %%%
%%% operatorer framtagna av Ken Mattsson    %%%
%%%                                         %%%
%%% Datum: 2018 06 18                       %%% 
%%%                                         %%%
%%% 9 randpunkter, bandad norm              %%%
%%%                                         %%%
%%%                                         %%%
%%% H           (Normen)                    %%%
%%% D1          (approx första derivatan)   %%%
%%% D2          (approx andra derivatan)    %%%
%%% HI*S        Artificiell Dissipation     %%%
%%%                                         %%%
%%%%%%%%%%%%%%%%%%%%%%%%%%%%%%%%%%%%%%%%%%%%%%%

% We optimised D1 for 
% first 2 leading errors.
% For D2 we optimised 
% for first 2 leading errors.


% D1 har noggrannhet 7-12-7
% D2 har noggrannhet 5-12-5 

h=L/(m-1);
x=linspace(0,L,m);



H_U=[0.255693395441434457337043934885796133163e39 / 0.1569803509371292002225735235907788800000e40 0.462595992248322307387833872063543838107e39 / 0.1569803509371292002225735235907788800000e40 -0.699369941346911367681192229680043741831e39 / 0.1569803509371292002225735235907788800000e40 0.958114158751340347722689299772897058791e39 / 0.1569803509371292002225735235907788800000e40 -0.39098434054317235173214633209248420941e38 / 0.62792140374851680089029409436311552000e38 0.716671151266698476313704829318499417937e39 / 0.1569803509371292002225735235907788800000e40 -0.369120250114093333747607885566339025917e39 / 0.1569803509371292002225735235907788800000e40 0.131195433684149959079163409065606798701e39 / 0.1569803509371292002225735235907788800000e40 -0.13427734663842648490123365160935964913e38 / 0.784901754685646001112867617953894400000e39; 0.462595992248322307387833872063543838107e39 / 0.1569803509371292002225735235907788800000e40 0.188804433855931192608515896776912160799e39 / 0.98112719335705750139108452244236800000e38 -0.25512613929489519773709941137420090081e38 / 0.15698035093712920022257352359077888000e38 0.461299800804071322059004371421377813e36 / 0.219001605660057477989081366616600000e36 -0.43579069902382262188489404137018775433e38 / 0.22425764419589885746081931941539840000e38 0.117382978966671820138755109838491239623e39 / 0.98112719335705750139108452244236800000e38 -0.163929652760140430191592024074957457461e39 / 0.392450877342823000556433808976947200000e39 0.8221610976613185048793961784514283e34 / 0.1401610276224367859130120746346240000e37 0.66815509348888597942256009630696780051e38 / 0.1569803509371292002225735235907788800000e40; -0.699369941346911367681192229680043741831e39 / 0.1569803509371292002225735235907788800000e40 -0.25512613929489519773709941137420090081e38 / 0.15698035093712920022257352359077888000e38 0.69686638504559446459842052242379758383e38 / 0.17838676242855590934383354953497600000e38 -0.1544763665969302926616643080423305424777e40 / 0.392450877342823000556433808976947200000e39 0.618647990957159884330753183955700382661e39 / 0.156980350937129200222573523590778880000e39 -0.1087005199537402645127472193477586477251e40 / 0.392450877342823000556433808976947200000e39 0.1489081998302589055625772818661912253e37 / 0.1226408991696321876738855653052960000e37 -0.52774835058803716441406692744223339611e38 / 0.392450877342823000556433808976947200000e39 -0.152513689082913669681009203434144198867e39 / 0.1569803509371292002225735235907788800000e40; 0.958114158751340347722689299772897058791e39 / 0.1569803509371292002225735235907788800000e40 0.461299800804071322059004371421377813e36 / 0.219001605660057477989081366616600000e36 -0.1544763665969302926616643080423305424777e40 / 0.392450877342823000556433808976947200000e39 0.626374029032426467711533737622753889193e39 / 0.98112719335705750139108452244236800000e38 -0.34428680412572814796632022874660018923e38 / 0.6279214037485168008902940943631155200e37 0.199114301471396725916561638825197599017e39 / 0.49056359667852875069554226122118400000e38 -0.784581318867219601009003903657827857101e39 / 0.392450877342823000556433808976947200000e39 0.2880538280873855087483007220520636743e37 / 0.8919338121427795467191677476748800000e37 0.222740485494931076742072482239346091887e39 / 0.1569803509371292002225735235907788800000e40; -0.39098434054317235173214633209248420941e38 / 0.62792140374851680089029409436311552000e38 -0.43579069902382262188489404137018775433e38 / 0.22425764419589885746081931941539840000e38 0.618647990957159884330753183955700382661e39 / 0.156980350937129200222573523590778880000e39 -0.34428680412572814796632022874660018923e38 / 0.6279214037485168008902940943631155200e37 0.51297421035704909527240929271864559851e38 / 0.7849017546856460011128676179538944000e37 -0.25778338564605622538189920056092409973e38 / 0.6279214037485168008902940943631155200e37 0.334370550327424940439225589591322661611e39 / 0.156980350937129200222573523590778880000e39 -0.1312098887987895000670916456864200369e37 / 0.3203680631369983678011704563077120000e37 -0.801514498137355156998692124412754081e36 / 0.5708376397713789099002673585119232000e37; 0.716671151266698476313704829318499417937e39 / 0.1569803509371292002225735235907788800000e40 0.117382978966671820138755109838491239623e39 / 0.98112719335705750139108452244236800000e38 -0.1087005199537402645127472193477586477251e40 / 0.392450877342823000556433808976947200000e39 0.199114301471396725916561638825197599017e39 / 0.49056359667852875069554226122118400000e38 -0.25778338564605622538189920056092409973e38 / 0.6279214037485168008902940943631155200e37 0.390271099215431935289348337566097394643e39 / 0.98112719335705750139108452244236800000e38 -0.604292265395661444466691411467242364327e39 / 0.392450877342823000556433808976947200000e39 0.1094405464900594192535930885911685333e37 / 0.3504025690560919647825301865865600000e37 0.161088089647031858935531583739364182041e39 / 0.1569803509371292002225735235907788800000e40; -0.369120250114093333747607885566339025917e39 / 0.1569803509371292002225735235907788800000e40 -0.163929652760140430191592024074957457461e39 / 0.392450877342823000556433808976947200000e39 0.1489081998302589055625772818661912253e37 / 0.1226408991696321876738855653052960000e37 -0.784581318867219601009003903657827857101e39 / 0.392450877342823000556433808976947200000e39 0.334370550327424940439225589591322661611e39 / 0.156980350937129200222573523590778880000e39 -0.604292265395661444466691411467242364327e39 / 0.392450877342823000556433808976947200000e39 0.345093054259355319607612701462012774763e39 / 0.196225438671411500278216904488473600000e39 -0.2031055361614576071923777235644466511e37 / 0.15698035093712920022257352359077888000e38 -0.118073427313230359705535419771497660681e39 / 0.1569803509371292002225735235907788800000e40; 0.131195433684149959079163409065606798701e39 / 0.1569803509371292002225735235907788800000e40 0.8221610976613185048793961784514283e34 / 0.1401610276224367859130120746346240000e37 -0.52774835058803716441406692744223339611e38 / 0.392450877342823000556433808976947200000e39 0.2880538280873855087483007220520636743e37 / 0.8919338121427795467191677476748800000e37 -0.1312098887987895000670916456864200369e37 / 0.3203680631369983678011704563077120000e37 0.1094405464900594192535930885911685333e37 / 0.3504025690560919647825301865865600000e37 -0.2031055361614576071923777235644466511e37 / 0.15698035093712920022257352359077888000e38 0.94498996451614698353263994535899553149e38 / 0.98112719335705750139108452244236800000e38 0.130908222452389458650594345431256907557e39 / 0.1569803509371292002225735235907788800000e40; -0.13427734663842648490123365160935964913e38 / 0.784901754685646001112867617953894400000e39 0.66815509348888597942256009630696780051e38 / 0.1569803509371292002225735235907788800000e40 -0.152513689082913669681009203434144198867e39 / 0.1569803509371292002225735235907788800000e40 0.222740485494931076742072482239346091887e39 / 0.1569803509371292002225735235907788800000e40 -0.801514498137355156998692124412754081e36 / 